[seed]
iseed = 1234
wseed = 4321
pseed = 4321

[netsyn]
NMAMREE = 0.1
NMAMREI = 0.1
mGLURR = 6.62175993066
GB2R = 7.5
rdmsec = 1
nmfracca = 0.13

[chan]
ihginc = 2.0
iark2fctr = 1.0
iark4 = 0.008
erevh = -30.0
h_lambda = 325.0
h_gbar = 0.00292437741203
fs_h_gbar = 2.33950192963e-05
lts_h_gbar = 0.175462644722
cagk_gbar = 0.000137388040277
ikc_gkbar = 0.00212214310843
nax_gbar = 0.0910437909653
kdr_gbar = 0.0179174349495
kap_gbar = 0.306397964614
kdmc_gbar = 0.000798384403161
km_gmax = 0.139637930059
cabar = 0
lts_cabar = 0

[cada]
taur = 5

[run]
indir = data
outdir = data
tstop = 2000.0
dt = 0.1
saveout = 1
simstr = dystonia
dorun = 1
doquit = 1
dodraw = 0
verbose = 0
cvodeactive = 0
recdt = 10.0
recvdt = 1.0
binsz = 5
saveconns = 0

[rxd]
CB_frate = 5.5
CB_brate = 0.0026
CB_init = 0.2
gip3 = 120400.0
gserca = 4.0
gleak = 3.0
cacytinit = 100e-6
caerinit = 1.25
caexinit = 0.0
spaceum = 0.0
nsubseg = 0
subsegum = 0.0
v1ryr = 59.3798324743

[net]
scale = 1.0
wirety = swire
IIGain = 0.1
IEGain = 0.15
EIGainFS = 0.15
EIGainLTS = 0.15
EEGain = 0.25

[stim]
EXGain = 1.0
noise = 1
ip3_stim = 0.0
ip3_stimT = 10000.0
sgrhzNMI = 600.0
sgrhzNME = 300.0
sgrhzEE = 800.0
sgrhzEI = 1600.0
sgrhzIE = 150.0
sgrhzII = 150.0
sgrhzMGLURE = 0.0
sgrhzGB2 = 0.0

